MA_20
""
""
""
""
""
""
""
""
""
""
""
""
""
""
""
""
""
""
""
2477.4450073242188
2466.3825073242188
2455.435009765625
2445.8675170898437
2436.64501953125
2425.35751953125
2410.8250122070312
2400.5175170898438
2392.0125122070312
2385.2250122070313
2377.995007324219
2374.6300048828125
2372.2075073242186
2369.959997558594
2368.397497558594
2367.0275024414063
2367.272497558594
2365.4650024414063
2364.6950073242188
2367.097509765625
2367.987512207031
2366.3900146484375
2366.650012207031
2366.7025146484375
2369.5025146484377
2374.317517089844
2379.9000244140625
2380.317517089844
2378.7050170898438
2376.1325073242188
2373.8200073242188
2366.792517089844
2356.5900146484373
2346.2600219726564
2334.347521972656
2327.0850219726562
2319.192517089844
2312.62001953125
2304.417517089844
2297.0025146484377
2290.9450073242188
2286.610009765625
2286.0000122070314
2286.1950073242188
2283.2175048828126
2279.8775024414062
2275.2300048828124
2274.0375122070313
2275.2000122070312
2278.737512207031
2283.2525146484377
2288.4125122070313
2294.6925048828125
2300.825
2308.189990234375
2312.5449829101562
2317.467492675781
2323.192492675781
2331.8924926757813
2341.027490234375
2350.6824951171875
2359.9099975585937
2365.7474975585938
2371.225
2378.5175048828123
2385.425
2394.0099975585936
2401.109997558594
2407.995007324219
2414.620007324219
2418.972509765625
2423.910009765625
2428.4675170898436
2433.90751953125
2439.167529296875
2443.1625366210938
2446.3350341796877
2453.5600341796876
2460.655029296875
2463.380029296875
2464.430029296875
2466.1875244140624
2467.6375244140627
2469.5850219726562
2470.89501953125
2471.927526855469
2471.20751953125
2471.4475219726564
2473.2625122070312
2476.4850219726563
2481.37001953125
2488.2000122070312
2493.635009765625
2498.247509765625
2503.722509765625
2508.650012207031
2512.485009765625
2511.8675048828127
2510.6875122070314
2513.42001953125
2517.8525146484376
2526.8775146484377
2539.7950073242187
2552.727502441406
2567.6699951171877
2584.6799926757812
2591.575
2594.2299926757814
2592.5875
2591.2424926757812
2590.0449951171877
2585.022497558594
2582.9549926757813
2581.789990234375
2578.89248046875
2578.2899780273438
2579.3099731445313
2581.9999755859376
2586.047473144531
2588.3249633789064
2587.6774658203126
2583.7399658203126
2572.894970703125
2561.8999755859377
2548.2374755859373
2530.169970703125
2522.6774658203126
2517.994970703125
2514.6299682617187
2509.259973144531
2503.224963378906
2500.1299682617187
2495.1299682617187
2490.1549682617188
2486.277478027344
2481.6749755859373
2477.3449829101564
2473.6649780273438
2466.7249755859375
2460.61748046875
2456.2849853515627
2451.452490234375
2447.339990234375
2440.4949951171875
2432.5650024414062
2426.335009765625
2419.8400146484373
2414.7900146484376
2412.23251953125
2408.0175170898438
2404.997521972656
2400.25751953125
2395.4650268554688
2389.9600341796877
2384.4500244140627
2377.7625244140627
2370.7375244140626
2364.267529296875
2359.812536621094
2354.7100341796877
2349.3000244140626
2344.077526855469
2338.4575317382814
2334.630029296875
2331.3600219726563
2326.7900146484376
2322.6875122070314
2316.9200073242187
2311.727502441406
2310.595007324219
2307.697509765625
2306.6175048828127
2306.8950073242186
2307.1550048828126
2308.212512207031
2309.535009765625
2310.9375122070314
2309.220007324219
2307.4925048828127
2305.672509765625
2306.372509765625
2306.760009765625
2308.372509765625
2310.560009765625
2314.5275146484373
2320.78251953125
2327.6400146484375
2336.04501953125
2342.5100219726564
2346.9675170898436
2351.360009765625
2356.2000122070312
2361.2575073242188
2367.182507324219
2373.265002441406
2379.935009765625
2385.915002441406
2393.335009765625
2398.8175048828125
2404.772497558594
2410.1525024414063
2416.7449951171875
2424.949987792969
2435.4074829101564
2442.849987792969
2451.5724853515626
2460.0499877929688
2469.2099853515624
2478.7999877929688
2489.064990234375
2499.4875
